Sample,emission_HMM_multi_state_M_M1,emission_HMM_multi_state_M_M2,emission_HMM_multi_state_M_M3,segments_HMM_multi_state_M1,segments_HMM_multi_state_M2,segments_HMM_multi_state_M3,segments_HMM_multi_state_M1_prop,segments_HMM_multi_state_M2_prop,segments_HMM_multi_state_M3_prop,sites_HMM_multi_state_M1,sites_HMM_multi_state_M2,sites_HMM_multi_state_M3,sites_HMM_multi_state_M1_prop,sites_HMM_multi_state_M2_prop,sites_HMM_multi_state_M3_prop,emission_HMM_as_state_T>N_A1,emission_HMM_as_state_T>N_A2,emission_HMM_as_state_T>N_A3,emission_HMM_as_state_T>N_A4,emission_HMM_as_state_T>N_A5,segments_HMM_as_state_A1,segments_HMM_as_state_A2,segments_HMM_as_state_A3,segments_HMM_as_state_A4,segments_HMM_as_state_A5,segments_HMM_as_state_A1_prop,segments_HMM_as_state_A2_prop,segments_HMM_as_state_A3_prop,segments_HMM_as_state_A4_prop,segments_HMM_as_state_A5_prop,sites_HMM_as_state_A1,sites_HMM_as_state_A2,sites_HMM_as_state_A3,sites_HMM_as_state_A4,sites_HMM_as_state_A5,sites_HMM_as_state_A1_prop,sites_HMM_as_state_A2_prop,sites_HMM_as_state_A3_prop,sites_HMM_as_state_A4_prop,sites_HMM_as_state_A5_prop,Ncl,subsets_fit,o_e_11,o_e_33,o_e_31,o_e_13,Mixture_tumours,libraryId,enaExperimentAcc,animalId,sex,nodNumber,motherId,fatherId,cause,den1sig,den2sig,spont1sig,spont2sig,cosineSigFit,diagnosis,tumorGrade,steatosis,mitoses,diameter,numSnvs,numIndels,mpm,numExchanges,cellularity,cnvCount,cnvSpan,cnvInsCount,cnvDelCount,fracAsym,knownDrivers,driver_positions,drivers,driver_positions_c3h_mutId,mice_line,Ploidy_by_HMM_as,tumour_mixture,Symmetry
87191_N2,0.0267100098284068,0.0495810928425646,0.0980000727532555,18,14,1,0.5454545454545454,0.4242424242424242,0.0303030303030303,41206,30049,1,0.5782811272033233,0.4217048388907601,1.4033905916694734e-05,0.9178974888546176,0.639449508994426,0.4956945813501575,0.3094833198331916,0.0900895477986145,14,0,27,3,15,0.2372881355932203,0.0,0.4576271186440678,0.0508474576271186,0.2542372881355932,8399,0,35028,40,11263,0.1534624520372738,0.0,0.6400146172117669,0.0007308605883427,0.2057920701626164,2,Good,1.2730841314325834,1.0823415540813552,0.6448544194110377,0.7373676631592573,mixture_tumours,do12265,ERX2037477,87191,Male,N2,81118,82064,DEN,0.842534719,0.115444115,0.032503884,0.009517281,0.993887070766429,DN,High,Micro,2.0,7.495,71256,1601,15.7005269157074,27,79,5,227965984,2,3,34.5400663706888,Egfr,11:14178863_T/A,Egfr,11:14185624_T/A,CAST,one_tumour,1,Asymmetric
88308_N2,0.0516848908393569,0.1100136384600111,0.1511071945014905,0,16,19,0.0,0.4571428571428571,0.5428571428571428,0,47126,67308,0.0,0.4118181659297062,0.5881818340702938,0.8477188345508482,0.6201703472673877,0.4605741134282449,0.2694551543417917,0.1282432480425993,9,15,36,19,21,0.09,0.15,0.36,0.19,0.21,11029,6287,38172,14445,18450,0.1247864408313816,0.071133589038616,0.4318930110994196,0.1634364074539221,0.2087505515766606,2,Good,2.793296174988986,1.1635643205483062,0.010561584834198999,0.81131028220787,mixture_tumours,do12268,ERX2037567,88308,Male,N2,82747,78863,DEN,0.8543770536,0.1294680374,0.0159843864,0.0001705226,0.995077416227952,DN,High,Micro,2.0,5.465,114433,1092,25.2141349015542,50,39,2,125972,1,1,47.5583042349879,Egfr;Braf,11:14178863_T/A;6:37451282_A/T,Egfr;Braf,11:14185624_T/A;6:37548568_A/T,CAST,mixture_tumours,1,Asymmetric
88626_N2,0.0599705045480327,0.137832086200264,0.2070479343968067,2,22,27,0.0392156862745098,0.4313725490196078,0.5294117647058824,2416,32239,47499,0.0294081846288677,0.3924215497723787,0.5781702655987535,0.9053418364662495,0.769779120623068,0.4920011150135309,0.2524530542260303,0.0955641285991581,15,26,39,14,19,0.1327433628318584,0.2300884955752212,0.3451327433628318,0.1238938053097345,0.168141592920354,10856,9710,31288,4695,9949,0.1632530301663207,0.146019429155764,0.4705103912899636,0.0706036271767572,0.1496135222111943,2,Good,1.5634571778085693,1.4234864648118908,0.8017362008525946,0.44225227539592893,mixture_tumours,do13050,ERX2252475,88626,Male,N2,83104,76165,DEN,0.932059583,0.055382341,0.001143924,0.011414152,0.990534907163705,DN,High,Mixed,1.0,7.338,82154,1413,18.1017891578677,44,79,3,299680,2,1,50.4366664341467,Egfr,11:14178863_T/A,Egfr,11:14185624_T/A,CAST,mixture_tumours,1,Asymmetric
89374_N2,0.0382828322913737,0.0663221039954287,0.1094380081662697,3,20,0,0.1304347826086956,0.8695652173913043,0.0,4431,96305,0,0.0439862611181702,0.9560137388818296,0.0,0.8927793221549126,0.7204653990140386,0.4988461046576518,0.3164273325109658,0.1099996310956532,19,3,27,6,17,0.2638888888888889,0.0416666666666666,0.375,0.0833333333333333,0.2361111111111111,17022,306,46340,214,11418,0.2260557768924302,0.0040637450199203,0.6154050464807437,0.0028419654714475,0.1516334661354581,2,Good,0.3162834265021645,0.4228927494229821,1.5302333849709222,2.0160883242600183,mixture_tumours,do12272,ERX2037600,89374,Male,N2,85115,77708,DEN,0.8145039573,0.17631342,0.0084955369,0.0006870858,0.993443786759376,DN,High,Mixed,1.0,6.632,100735,1194,22.1959214501766,35,59,3,128460079,2,1,37.0112784163586,Egfr;Braf,11:14220719_T/A;6:37451282_A/T,Egfr;Braf,11:14228380_T/A;6:37548568_A/T,CAST,one_tumour,1,Asymmetric
89487_N1,0.0514851899513878,0.0928979589686134,0.1923072248979117,6,20,27,0.1132075471698113,0.3773584905660377,0.5094339622641509,8340,39047,62538,0.0758699113031612,0.355214919263134,0.5689151694337048,0.9452575166071332,0.7031137149141178,0.5064478555549551,0.3194739941355922,0.0644500905956863,28,14,27,2,21,0.3043478260869565,0.1521739130434782,0.2934782608695652,0.0217391304347826,0.2282608695652173,32399,890,30854,159,17072,0.3981492860127313,0.0109371543736328,0.3791628775776046,0.0019539410622557,0.2097967409737754,2,Good,1.6398577356076647,1.409670763638289,0.09417557341061564,0.1393302615733302,mixture_tumours,do12276,ERX2023381,89487,Male,N1,85116,78862,DEN,0.7973207258,0.1934128312,0.0008503064,0.0084161366,0.995616057440005,DN,High,Mixed,1.0,4.889,109925,1228,24.2208434547145,44,79,3,16836888,1,2,60.2116055865355,Braf,6:37451282_A/T,Braf,6:37548568_A/T,CAST,one_tumour,1,Asymmetric
89807_N4,0.0218333400874525,0.062289423813145,0.1039223252058425,11,21,11,0.2558139534883721,0.4883720930232558,0.2558139534883721,23338,33200,11788,0.3415683634341246,0.4859058045253637,0.1725258320405116,0.9485674811225886,0.659051243646206,0.5103940513712768,0.3283962545771205,0.0596530090959964,17,2,25,3,14,0.2786885245901639,0.0327868852459016,0.4098360655737705,0.0491803278688524,0.2295081967213114,16703,77,24256,74,11527,0.3173243155954937,0.0014628493265193,0.4608165358968026,0.0014058551969147,0.2189904439842696,2,Good,4.785929691575104,1.1937978800769071,0.0,0.0,mixture_tumours,do12284,ERX2035287,89807,Male,N4,81113,76266,DEN,0.8751093001,0.0967460404,0.0004029722,0.0277416873,0.99618054822078,DN,High,Macro,,2.759,68326,1036,15.0549315432051,25,79,2,134664,0,2,52.4982335986971,Braf,6:37451282_A/T,Braf,6:37548568_A/T,CAST,one_tumour,1,Asymmetric
89807_N6,0.0534122899052152,0.1000002179077872,0.1326666766695357,0,18,13,0.0,0.5806451612903226,0.4193548387096774,0,79881,37186,0.0,0.6823528406809776,0.3176471593190224,0.9311580510549936,0.6787010232320368,0.4937770923061709,0.2970390387284511,0.0796856220462853,1,24,37,30,2,0.0106382978723404,0.2553191489361702,0.3936170212765957,0.3191489361702128,0.0212765957446808,2315,20169,40867,24730,6107,0.0245785025693294,0.2141355586698942,0.4338875440608145,0.2625599864101584,0.0648384082898033,2,Good,0.0,0.7260011166235122,2.2217243898607935,1.534405316649015,mixture_tumours,do12285,ERX2035282,89807,Male,N6,81113,76266,DEN,0.9292120474,0.0692803602,0.0013249968,0.0001825957,0.992166978200288,DN,High,,1.0,3.32,117067,748,25.7945097176535,36,39,4,20443774,0,4,49.7206864781185,Braf,6:37451282_A/T,Braf,6:37548568_A/T,CAST,one_tumour,1,Asymmetric
89808_N3,0.0548759832655158,0.119490300800576,0.2270880491836368,7,28,24,0.1186440677966101,0.4745762711864407,0.4067796610169492,4757,26749,32076,0.0748167720424019,0.4207008272781605,0.5044824006794376,0.9576509881403816,0.6210445784005975,0.5066881865818597,0.3507527856182836,0.0376682938498613,15,5,24,3,23,0.2142857142857142,0.0714285714285714,0.3428571428571428,0.0428571428571428,0.3285714285714285,11884,145,14274,56,19879,0.2570180371123318,0.0031359487867122,0.3087071240105541,0.0012111250486612,0.4299277650417406,2,Good,1.9064135164725695,1.3233429889596084,0.005347600561584072,0.06934657934287349,mixture_tumours,do12287,ERX2252329,89808,Male,N3,81113,76266,DEN,0.778084774,0.195547399,0.001570737,0.02479709,0.995849544138036,DN,High,Mixed,1.0,6.187,63579,1032,14.0089789038644,35,79,3,157981,0,3,69.3912432976314,Egfr,11:14198625_T/A,Egfr,11:14207453_T/A,CAST,one_tumour,1,Asymmetric
89985_N3,0.0380501532259887,0.1073184082544072,0.1771423381861993,15,22,15,0.2884615384615384,0.4230769230769231,0.2884615384615384,14058,34199,23011,0.1972554302071055,0.4798647359263625,0.3228798338665319,0.9469380907841498,0.7261435379406412,0.496468436822617,0.2809771727536405,0.0511834463116338,11,21,36,31,12,0.0990990990990991,0.1891891891891892,0.3243243243243243,0.2792792792792792,0.1081081081081081,6636,5890,24643,8828,8110,0.1226458683719297,0.1088583732234276,0.455449387325115,0.1631581865562681,0.1498881845232594,2,Good,1.3136597945569743,1.1566726087677401,0.854938533033581,1.1363611373426645,mixture_tumours,do9692,ERX2037612,89985,Male,N3,84409,81568,DEN,0.823410354,0.173538932,0.001676196,0.001374517,0.998367377668078,DN,High,Mixed,1.0,5.8,71268,573,15.6923134186698,34,67,1,217659,1,0,42.6986868128748,Braf;Hras,6:37548568_A/T;7:145858647_A/G,Braf;Hras,6:37548568_A/T;7:145858647_A/G,C3H,mixture_tumours,1,Asymmetric
90004_N6,0.0266608916365851,0.1519685515226258,0.2238000303179713,0,19,25,0.0,0.4318181818181818,0.5681818181818182,0,29606,35251,0.0,0.4564811816766116,0.5435188183233883,0.927912734332794,0.6137410227109225,0.5041862053210822,0.3033021124951957,0.0706026229440073,17,1,31,3,23,0.2266666666666666,0.0133333333333333,0.4133333333333333,0.04,0.3066666666666666,14575,245,27704,200,11502,0.2687825028584074,0.0045181278353557,0.5108988308191642,0.0036882676206985,0.212112270866374,2,Good,1.5299172270791466,1.4122824056449717,0.44490957902757267,0.4415822479759209,mixture_tumours,do9169,ERX2037957,90004,Male,N6,87487,87441,DEN,0.9637393,0.03574168,0.0004252525,9.381122e-05,0.996416283346172,DN,High,Mixed,,8.5,64856,534,14.2804720082119,39,59,3,87497876,1,2,47.4142687681302,Egfr;Egfr,11:14185624_T/A;11:14227400_T/C,Egfr;Egfr,11:14185624_T/A;11:14227400_T/C,C3H,one_tumour,1,Asymmetric
90170_N2,0.0314675149969845,0.0635945575763063,0.0890709120546656,21,12,0,0.6363636363636364,0.3636363636363636,0.0,28820,19079,0,0.6016827073634106,0.3983172926365895,0.0,0.89796215704409,0.6557789876070228,0.5049038134903736,0.3403173764277656,0.1510590120548037,7,18,21,16,7,0.1014492753623188,0.2608695652173913,0.3043478260869565,0.2318840579710145,0.1014492753623188,1875,9415,11618,8697,4383,0.0521007002334111,0.2616149827720351,0.3228298321662776,0.2416638879626542,0.1217905968656218,2,Good,0.7858442697825794,1.4543023838549272,0.8183299556997474,0.802979187206664,mixture_tumours,do9172,ERX2023371,90170,Male,N2,85536;86677,87453,DEN,0.7792821282,0.2188133032,0.0016562138,0.0002483548,0.997512712979492,DN,High,Mixed,,6.4,47897,642,10.546314416204,26,19,2,441383,2,0,47.1406316881308,Braf,6:37548568_A/T,Braf,6:37548568_A/T,C3H,mixture_tumours,1,Asymmetric
90446_N4,0.0449123047428008,0.1172544382013081,0.2076125154025413,17,32,18,0.2537313432835821,0.4776119402985074,0.2686567164179104,20867,24862,33842,0.2622437822824898,0.312450515891468,0.4253057018260421,0.908357615047662,0.6326231012950714,0.4912431660708939,0.3017522622890222,0.0920227749153111,19,8,25,9,14,0.2533333333333333,0.1066666666666666,0.3333333333333333,0.12,0.1866666666666666,24556,1367,19083,182,18194,0.3874286074910858,0.0215676374996055,0.3010791707424821,0.0028714777066043,0.2870531065602221,2,Good,0.7977645116493041,1.1558817142292808,0.9426542217088406,0.3286340589612616,mixture_tumours,do9179,ERX2037901,90446,Male,N4,86566,87452,DEN,0.8824697253,0.0976903693,0.0197237763,0.0001161291,0.998365032037116,DN,High,Macro,,6.6,79570,797,17.5203089566644,36,59,0,0,0,0,66.0366131046918,Hras,7:145859242_T/A,Hras,7:145859242_T/A,C3H,one_tumour,1,Asymmetric
90447_N1,0.0385081438563691,0.1278282975479019,0.1722875915016347,0,4,21,0.0,0.16,0.84,0,7802,92467,0.0,0.0778106892459284,0.9221893107540716,0.9276358637402145,0.6259797428120698,0.465534594449122,0.2281677410679792,0.1086683594917067,19,26,24,11,11,0.2087912087912088,0.2857142857142857,0.2637362637362637,0.1208791208791208,0.1208791208791208,19608,15412,23261,8757,13496,0.2434748056721384,0.1913725879752651,0.2888345295154841,0.1087366826433556,0.1675813941937566,2,Good,1.5500643987815013,1.072642298956905,0.7065052137642482,0.8189612651883197,mixture_tumours,do9697,ERX2037951,90447,Male,N1,86566,87452,DEN,0.8966816,0.08799552,0.01525151,7.141374e-05,0.99595883246959,DN,Low,Macro,,6.6,100268,778,22.0777471216139,47,49,0,0,0,0,51.8348108459316,Hras,7:145859242_T/C,Hras,7:145859242_T/C,C3H,mixture_tumours,1,Asymmetric
90796_N3,0.0319240427148075,0.1011775326409437,0.2101181072242684,22,12,50,0.2619047619047619,0.1428571428571428,0.5952380952380952,4343,5892,50028,0.0720674377312779,0.0977714352090005,0.8301611270597216,0.9593618597528852,0.645282678946134,0.4986194182877339,0.3324199606564362,0.044541455269553,116,60,46,74,78,0.3101604278074866,0.160427807486631,0.1229946524064171,0.1978609625668449,0.2085561497326203,12585,2065,18563,1607,7868,0.2948135307346327,0.0483742503748125,0.4348528860569715,0.0376452398800599,0.1843140929535232,2,Good,2.2608587999956082,3.7744800952827804,0.7645051032729395,0.4836636676215543,mixture_tumours,do9187,ERX2035253,90796,Male,N3,86690;86691,81567,DEN,0.6631876011,0.3359543571,0.000566823,0.0002912189,0.998324989630506,DN,High,Mixed,,3.3,60263,881,13.269151422087,150,79,1,217000,1,0,52.8080439064328,Hras,7:145859242_T/A,Hras,7:145859242_T/A,C3H,one_tumour,1,Asymmetric
90810_N2,0.0270644816142135,0.0760298656823403,0.1287362670521915,1,19,10,0.0333333333333333,0.6333333333333333,0.3333333333333333,1822,43751,20600,0.0275338884439272,0.6611608964381243,0.3113052151179484,0.9389088502250011,0.8436679361004557,0.5225930071072769,0.3864733390383589,0.0808686427742686,7,10,19,6,13,0.1272727272727272,0.1818181818181818,0.3454545454545454,0.109090909090909,0.2363636363636363,11037,11794,20860,733,8629,0.2080372457730948,0.2223059958909015,0.3931917139464309,0.0138163723069383,0.1626486720826343,2,Good,1.2492204786094891,0.9790281749893068,1.3928261084541922,0.36914865953824205,mixture_tumours,do9209,ERX2023379,90810,Male,N2,86767;86683,86569,DEN,0.9071061239,0.0885797066,0.0038666857,0.0004474839,0.997762332243564,DN,High,Mixed,,4.4,66172,612,14.5702385859042,17,59,4,584063,3,1,58.6279448703054,Hras,7:145859242_T/A,Hras,7:145859242_T/A,C3H,one_tumour,1,Asymmetric
90810_N4,0.0320202024439,0.0978269744053234,0.1550236936161119,13,19,14,0.2826086956521739,0.4130434782608695,0.3043478260869565,16100,27135,20192,0.2538351175366957,0.4278146530657291,0.3183502293975752,0.9264683015865884,0.8388058702818918,0.5230072536336721,0.3902770168022755,0.0605804546573442,17,7,24,3,12,0.2698412698412698,0.1111111111111111,0.3809523809523809,0.0476190476190476,0.1904761904761904,13601,4502,26946,2052,3888,0.2667438074878895,0.0882935535115417,0.5284669242385612,0.0402439741905116,0.0762517405714958,2,Good,0.8305726312151287,2.9058669527044474,0.7346894444239904,0.16628173366365648,mixture_tumours,do9211,ERX2035344,90810,Male,N4,86767;86683,86569,DEN,0.9158656184,0.0832418194,0.0004352247,0.0004573375,0.999330971840969,DN,High,Mixed,,4.6,63427,630,13.9658242578151,23,65,0,0,0,0,42.1583881554727,Braf,6:37548568_A/T,Braf,6:37548568_A/T,C3H,one_tumour,1,Asymmetric
90814_N1,0.02514373867038,0.0599753325989009,0.0855418988153973,26,19,0,0.5777777777777777,0.4222222222222222,0.0,39034,19385,0,0.6681730258991082,0.3318269741008918,0.0,0.909994686250398,0.792333096488437,0.5107347354582364,0.2896837607009712,0.1047010800219103,17,8,33,4,22,0.2023809523809523,0.0952380952380952,0.3928571428571428,0.0476190476190476,0.2619047619047619,6693,2404,22304,173,13254,0.149304006424556,0.0536271972874096,0.4975461764968323,0.0038591951458909,0.295663424645311,2,Good,0.8643000767444168,1.3881915191619583,1.1055941794018873,0.8532394466019214,mixture_tumours,do12298,ERX2023348,90814,Male,N1,86615,83997,DEN,0.86056405,0.07416355,0.023247,0.0420254,0.995158893020292,DN,High,Mixed,1.0,2.681,58418,1611,12.8718056214465,41,79,4,173118858,3,1,48.5917989708864,Braf,6:37451282_A/T,Braf,6:37548568_A/T,CAST,one_tumour,1,Asymmetric
90886_N6,0.0300631627238065,0.0743576330100118,0.1114169416640913,24,13,1,0.631578947368421,0.3421052631578947,0.0263157894736842,39676,16811,1506,0.6841515355301502,0.289879813080889,0.0259686513889607,0.9174595968496831,0.6383778684699071,0.5142246742680373,0.3850716971984371,0.0692314037625231,14,5,22,3,13,0.2456140350877192,0.087719298245614,0.3859649122807017,0.0526315789473684,0.2280701754385964,12475,278,20409,456,11974,0.2736225653623442,0.0060975609756097,0.4476443235655378,0.0100017546938059,0.2626337954027022,2,Good,1.810826863084288,1.1072964396410132,1.2379667027561003,0.28908886389201355,mixture_tumours,do9229,ERX2035302,90886,Male,N6,86765,86568,DEN,0.8862289985,0.1130866963,0.0003515093,0.000332796,0.998499751819581,DN,Low,Macro,,6.9,57991,717,12.7688857195667,22,67,1,105582,0,1,53.1044333245276,Egfr;Hras,11:14185624_T/A;7:145859242_T/A,Egfr;Hras,11:14185624_T/A;7:145859242_T/A,C3H,one_tumour,1,Asymmetric
90886_N7,0.037791359657861,0.1569374061083049,0.2285994071974393,0,1,21,0.0,0.0454545454545454,0.9545454545454546,0,2068,93312,0.0,0.0216816942755294,0.9783183057244704,0.973823134731898,0.7140766303512089,0.4842585255494501,0.2648840145823605,0.031187208838388,6,25,35,25,10,0.0594059405940594,0.2475247524752475,0.3465346534653465,0.2475247524752475,0.099009900990099,5450,23112,12448,22567,6710,0.0775392320059185,0.3288232532331726,0.1771024513779219,0.3210693300325807,0.0954657333504061,2,Good,1.1530330183944664,1.4312299803410684,0.5498835660131144,0.18820782464411373,mixture_tumours,do9870,ERX2035369,90886,Male,N7,86765,86568,DEN,0.7537101295,0.2376647215,0.0082217236,0.0004034254,0.997693133881031,DN,High,Mixed,,6.4,95379,497,21.0012510742452,52,29,2,1201367,2,0,76.6721943842262,Braf,6:37548568_A/T,Braf,6:37548568_A/T,C3H,mixture_tumours,1,Asymmetric
90888_N2,0.032568180470681,0.1196204785977806,0.1754950002567514,0,20,14,0.0,0.5882352941176471,0.4117647058823529,0,47940,30556,0.0,0.6107317570322055,0.3892682429677945,0.9732945539982124,0.7416585900607944,0.4884565464124809,0.2832527337529131,0.0389893942251313,4,16,33,30,9,0.0434782608695652,0.1739130434782608,0.358695652173913,0.3260869565217391,0.0978260869565217,3607,14637,16038,22037,2883,0.0609269957096044,0.2472382689773994,0.2709030100334448,0.3722340461470896,0.0486976791324617,2,Good,1.207418533083728,0.513653089326167,0.9939894219568042,1.5020261344494077,mixture_tumours,do9233,ERX2037958,90888,Male,N2,86765,86568,DEN,0.8078830481,0.1908046429,0.0009146368,0.0003976722,0.997133802394496,DN,High,Macro,,6.1,78496,548,17.2838277222864,36,19,0,0,0,0,62.3670885161641,Hras,7:145859243_G/T,Hras,7:145859243_G/T,C3H,one_tumour,1,Asymmetric
90888_N3,0.0304390939879729,0.0837511683775684,0.1433657102386021,10,14,7,0.3225806451612903,0.4516129032258064,0.2258064516129032,4218,12641,3463,0.2075583111898435,0.6220352327526818,0.1704064560574746,0.97052977935277,0.8508696521307183,0.5124751000342384,0.3700452073951184,0.0969732834118368,5,5,19,0,12,0.1219512195121951,0.1219512195121951,0.4634146341463415,0.0,0.2926829268292683,1361,838,7945,0,4585,0.0924027428881797,0.0568945617489306,0.5394120442664132,0.0,0.3112906510964763,2,Good,1.8809594379735846,0.7788353142010499,1.079881163654904,0.8296492555231003,mixture_tumours,do9234,ERX2037587,90888,Male,N3,86765,86568,DEN,0.74447053,0.20469425,0.02136242,0.0294728,0.995216691550369,DN,High,Macro,,6.3,20321,608,4.47442752681131,6,79,1,53963,1,0,45.4241949411192,Braf,6:37548568_A/T,Braf,6:37548568_A/T,C3H,one_tumour,1,Asymmetric
91213_N1,0.0257045352051886,0.0744259346661448,0.1154167740416098,1,25,5,0.032258064516129,0.8064516129032258,0.1612903225806451,2127,61901,8989,0.0291302025555692,0.8477614802032404,0.1231083172411904,0.9726059395632652,0.6692670136839844,0.4868966850703366,0.2663798184844643,0.0199580966543774,3,14,26,33,14,0.0333333333333333,0.1555555555555555,0.2888888888888888,0.3666666666666666,0.1555555555555555,1656,8712,13621,17183,8142,0.0335807275824309,0.1766638277162671,0.2762095956523502,0.3484406051019994,0.1651052439469522,2,Good,2.128444851817904,1.1649297630494395,0.6727490215453689,0.5418250487329435,mixture_tumours,do9370,ERX2035350,91213,Male,N1,87418;87419,81568,DEN,0.5845150345,0.3863329452,0.0286091826,0.0005428377,0.997149529611049,DN,Low,Macro,1.0,3.6,73017,583,16.077421127168,37,19,2,333738,0,2,66.2493537310664,Braf,6:37548568_A/T,Braf,6:37548568_A/T,C3H,one_tumour,1,Asymmetric
91216_N2,0.0213334383357557,0.1231171550800542,0.2135613838450393,1,15,18,0.0294117647058823,0.4411764705882353,0.5294117647058824,818,16071,12327,0.0279983570646221,0.5500753012048193,0.4219263417305586,0.9803587268629946,0.5802621324057143,0.5018448327054867,0.4093292784560715,0.0242909572403001,19,0,16,0,5,0.475,0.0,0.4,0.0,0.125,6446,0,11223,0,2593,0.3181324647122692,0.0,0.5538939887474089,0.0,0.1279735465403217,2,Good,1.4928699622645136,3.8753196930946294,0.32965377651050015,0.02242770017706079,mixture_tumours,do9380,ERX2023302,91216,Male,N2,87418;87419,81568,DEN,0.64288351,0.339755171,0.012509594,0.004851725,0.995877893483083,DN,High,Macro,,7.7,29216,536,6.43299417466263,11,79,3,385326,1,2,42.0569508794716,Braf,6:37548568_A/T,Braf,6:37548568_A/T,C3H,one_tumour,1,Asymmetric
91216_N7,0.0476630530444619,0.1032954187043429,0.1944379715936251,2,22,19,0.0465116279069767,0.5116279069767442,0.4418604651162791,2304,57283,27149,0.026563364692861,0.6604293488286294,0.3130072864785095,0.938207915865669,0.625663162444051,0.4982327642512631,0.1999855146626243,0.082805400762254,11,2,25,4,8,0.22,0.04,0.5,0.08,0.16,17023,563,32135,2515,3177,0.3072022810531825,0.0101600707415227,0.5799180697670222,0.0453864616606211,0.0573331167776514,2,Good,1.43205629078694,0.0,0.0,1.8338896141895888,mixture_tumours,do9385,ERX2035279,91216,Male,N7,87418;87419,81568,DEN,0.4698198,0.5299148,0.000178819,8.666055e-05,0.992487440122702,DN,High,Mixed,,6.5,86736,890,19.0981716433988,19,79,3,648493,2,1,39.424268786788,Braf,6:37548568_A/T,Braf,6:37548568_A/T,C3H,one_tumour,1,Asymmetric
91218_N2,0.0288979180237021,0.0972756250778159,0.1634927982536078,0,18,20,0.0,0.4736842105263157,0.5263157894736842,0,23423,33111,0.0,0.4143170481480171,0.5856829518519828,0.9052556782938834,0.6982219789233851,0.5320286349492616,0.3953840660400032,0.1166600334857264,13,12,22,18,21,0.1511627906976744,0.1395348837209302,0.2558139534883721,0.2093023255813953,0.2441860465116279,8214,3156,16532,8193,10096,0.177826849386244,0.068324998376307,0.3579052196315299,0.1773722153666298,0.218570717239289,2,Good,1.206026300996929,1.1891198840200536,0.4328847693352762,0.27579504692466134,mixture_tumours,do9397,ERX2022519,91218,Male,N2,87418;87419,81568,DEN,0.928114983,0.0713630791,0.0003891535,0.0001327844,0.997412898568249,DN,High,Macro,,5.2,56534,505,12.448072722836,35,59,2,589432,2,0,44.1533296916134,Hras,7:145859242_T/C,Hras,7:145859242_T/C,C3H,mixture_tumours,1,Asymmetric
91414_N1,0.038308266920569,0.1323855936563567,0.1757663708827876,1,0,20,0.0476190476190476,0.0,0.9523809523809524,11,0,40481,0.0002716585992294,0.0,0.9997283414007704,0.8839901781485818,0.6180573958423304,0.4781384412025743,0.2298292905212639,0.0358155726161254,7,21,19,12,6,0.1076923076923077,0.3230769230769231,0.2923076923076923,0.1846153846153846,0.0923076923076923,4502,6173,9957,4420,1786,0.1677472240852522,0.2300096877561666,0.3710038005812653,0.1646918548326999,0.0665474327446158,2,Good,2.3385728778054657,2.093291678721652,0.20161961491089508,0.2532958426840585,one_tumour,do9401,ERX2035313,91414,Male,N1,87533;87915,87441,DEN,0.552996169,0.431690162,0.014276539,0.001037129,0.998104523045058,DN,High,Macro,,5.6,40490,657,8.91538657352444,25,15,5,1170574,3,2,39.8115381793525,Braf,6:37548568_A/T,Braf,6:37548568_A/T,C3H,mixture_tumours,1,Asymmetric
91416_N1,0.0416553223825205,0.1001965419199168,0.1298938047723768,0,16,13,0.0,0.5517241379310345,0.4482758620689655,0,64796,55664,0.0,0.5379046986551552,0.4620953013448448,0.9518848879547012,0.6872638824734554,0.4991251607947475,0.3152929713291679,0.0719555598796266,17,36,25,44,27,0.1140939597315436,0.2416107382550335,0.1677852348993288,0.2953020134228188,0.1812080536912751,11746,27740,20232,25468,8011,0.1260340998100797,0.2976490659570587,0.2170885328926896,0.2732705988390184,0.0859577025011534,2,Good,1.1665319099845255,0.7531579710260157,1.3521067665148436,0.979270087477056,mixture_tumours,do12487,ERX2023373,91416,Male,N1,87533;87915,87441,DEN,0.8549367098,0.1442506028,0.0001822968,0.0006303906,0.996873993059827,DN,High,Mixed,,7.9,120459,766,26.5235502904465,68,49,2,752270,1,1,61.4252986022138,Kras;Kras;Hras,7:145859242_T/C,Hras,7:145859242_T/C,C3H,mixture_tumours,1,Asymmetric
91424_N1,0.0404429037612009,0.0836260484287952,0.1279618612122753,11,16,12,0.282051282051282,0.4102564102564102,0.3076923076923077,16329,37848,27129,0.2008338867980222,0.4655007010552727,0.333665412146705,0.932674946539602,0.6835126767179964,0.5002913397206623,0.3234008473450999,0.0600073895388435,14,4,22,0,21,0.2295081967213114,0.0655737704918032,0.360655737704918,0.0,0.3442622950819672,15940,213,27772,0,16313,0.2646170191573425,0.0035359739699193,0.4610378830638467,0.0,0.2708091238088914,2,Good,1.6308892292114834,1.9265608561626197,0.6802460813556437,0.2042063403239322,mixture_tumours,do12305,ERX2035277,91424,Male,N1,82753,75308,DEN,0.8127830517,0.1584264342,0.0001500076,0.0286405066,0.994867531180461,DN,High,Macro,2.0,2.19,81304,1823,17.9145003979268,25,79,3,22057740,1,2,51.7747591288939,Egfr;Egfr,11:14178863_T/A;11:14198589_T/A,Egfr;Egfr,11:14185624_T/A;11:14207417_T/A,CAST,one_tumour,1,Asymmetric
91424_N2,0.0249187279122557,0.0485701202624195,0.1198023924816753,22,6,0,0.7857142857142857,0.2142857142857142,0.0,73884,6106,0,0.9236654581822727,0.0763345418177272,0.0,0.8725437318439009,0.7631215448326929,0.4966463174736847,0.2230626309664266,0.1172167623612085,15,7,26,9,15,0.2083333333333333,0.0972222222222222,0.3611111111111111,0.125,0.2083333333333333,19956,501,26099,999,18051,0.3041794957778252,0.0076364966618906,0.3978142243087522,0.0152272657988598,0.275142517452672,2,Good,0.0,1.3703566217550658,0.8331643033418417,0.9565315974944968,mixture_tumours,do12306,ERX2035365,91424,Male,N2,82753,75308,DEN,0.9433688494,0.046913141,0.0095071089,0.0002109006,0.99247885132015,DN,Low,,1.0,2.67,79988,1620,17.6245333295947,29,59,2,2976402,0,2,58.2460639097251,Braf,6:37451282_A/T,Braf,6:37548568_A/T,CAST,one_tumour,1,Asymmetric
91429_N4,0.0478181617013898,0.0768110500823314,0.1368054700127451,2,18,22,0.0476190476190476,0.4285714285714285,0.5238095238095238,1795,33083,40915,0.023682925863866,0.4364914965762009,0.539825577559933,0.9311548493692676,0.8183404674561391,0.5328828490756432,0.3974341961145416,0.0831241531495619,15,16,22,9,9,0.2112676056338028,0.2253521126760563,0.3098591549295774,0.1267605633802817,0.1267605633802817,7935,9826,23986,7126,6845,0.1424135826842313,0.1763523457410531,0.430489249434653,0.1278940378333752,0.1228507843066872,2,Good,0.6260194075493216,1.0621704889030676,1.3060377303831097,0.8138408680158634,mixture_tumours,do12310,ERX2022537,91429,Male,N4,86635;86636,78862,DEN,0.80081737,0.16845875,0.00022866,0.03049523,0.996790562253055,DN,High,Macro,1.0,4.316,75793,849,16.7002082143568,23,79,1,63535,1,0,42.1216005996087,Egfr;Egfr,11:14178863_T/A;11:14216627_T/C,Egfr;Egfr,11:14185624_T/A;11:14224314_T/C,CAST,mixture_tumours,1,Asymmetric
91432_N1,0.0322547241894275,0.0688615578320772,0.1118009267323321,4,17,3,0.1666666666666666,0.7083333333333334,0.125,3330,46631,5669,0.0598597878842351,0.8382347654143448,0.1019054467014201,0.9608300955920746,0.6808966704981891,0.4993320166462885,0.3476126893953025,0.0406168590425657,19,4,23,0,12,0.3275862068965517,0.0689655172413793,0.396551724137931,0.0,0.2068965517241379,14696,66,18319,0,7112,0.3656358072301147,0.0016420769785783,0.4557758813723783,0.0,0.1769462344189286,2,Good,2.635514018691589,0.46097211851668296,0.0,2.342135834792711,mixture_tumours,do12314,ERX2252438,91432,Male,N1,86635;86636,78862,DEN,0.7774542907,0.1882665077,0.0005797499,0.0336994517,0.997677782907999,DN,High,,,3.83,55626,1385,12.25661712997,23,79,18,309777148,6,12,53.1197850528428,Hras,7:138167949_G/T,Hras,7:145859243_G/T,CAST,one_tumour,1,Asymmetric
91520_N1,0.0297292576172738,0.068530900067023,0.1199278107171618,20,15,1,0.5555555555555556,0.4166666666666667,0.0277777777777777,31470,19657,199,0.6131395394147215,0.3829832833261894,0.0038771772590889,0.9518047754653371,0.6695120628550927,0.4993312061271468,0.3745049030501529,0.0466702753556602,13,1,20,2,16,0.25,0.0192307692307692,0.3846153846153846,0.0384615384615384,0.3076923076923077,10673,50,17424,31,8658,0.2897437289607992,0.001357367792377,0.4730155282875448,0.0008415680312737,0.2350418069280052,2,Good,1.4348798783678944,1.7696901829040688,0.5267433745503999,0.04686251886038875,mixture_tumours,do12316,ERX2022544,91520,Male,N1,78178,76266,DEN,0.761777064,0.205302044,0.001014281,0.031906611,0.996547873333032,DN,High,Macro,,3.63,51323,1079,11.3084953252337,17,79,1,94442,0,1,50.4431924174835,Hras,7:138167949_G/T,Hras,7:145859243_G/T,CAST,one_tumour,1,Asymmetric
91520_N2,0.0485568523521401,0.0961162918171628,0.1690422269785265,7,34,19,0.1166666666666666,0.5666666666666667,0.3166666666666666,16557,44506,23763,0.195187796194563,0.5246740386202343,0.2801381651852026,0.9060326523840204,0.7268438155439851,0.5020842922215674,0.3855711558397728,0.0981897945519636,18,8,32,2,13,0.2465753424657534,0.1095890410958904,0.4383561643835616,0.0273972602739726,0.1780821917808219,15304,900,37968,1688,9683,0.2334955677951879,0.0137314434798529,0.5792838289367286,0.0257540851044352,0.1477350746837953,2,Good,1.8094148852355691,0.9695398428851061,0.5382321529339139,1.1604937179630457,mixture_tumours,do12317,ERX2023375,91520,Male,N2,78178,76266,DEN,0.86659388,0.10217363,0.01256249,0.01866999,0.995687254717345,DN,High,Macro,,4.57,84823,1418,18.6898758640823,25,79,1,94442,0,1,37.7320364666012,Egfr;Egfr,11:14178863_T/A;11:14201716_T/A,Egfr;Egfr,11:14185624_T/A;11:14210511_T/A,CAST,one_tumour,1,Asymmetric
91522_N2,0.0324764375930664,0.0551903471990606,0.1173443981497164,23,9,0,0.71875,0.28125,0.0,94389,9925,0,0.9048545736909714,0.0951454263090285,0.0,0.9384096249310446,0.7226857082035331,0.5350475568257484,0.3509800718486761,0.1818168209529317,14,39,26,9,7,0.1473684210526315,0.4105263157894737,0.2736842105263158,0.0947368421052631,0.0736842105263157,8353,28867,18790,11255,9757,0.1084495338994053,0.3747890213185843,0.2439562722339072,0.1461270805743813,0.1266780919737218,2,Good,0.7218997364953886,0.0005478396599068161,1.6545225991345747,1.0620137900842728,mixture_tumours,do12319,ERX2048021,91522,Male,N2,78178,76266,DEN,0.79535805,0.17830454,0.01521277,0.01112463,0.995632795122824,DN,High,Macro,,5.785,104311,1543,22.983856280234,33,19,2,99219934,0,2,61.3435390966709,Braf;Hras,6:37434927_G/A;7:138167948_T/A,Braf;Hras,6:37535060_G/A;7:145859242_T/A,CAST,mixture_tumours,1,Asymmetric
91577_N1,0.0371832529163415,0.0727416233015945,0.1345868080187974,1,20,16,0.027027027027027,0.5405405405405406,0.4324324324324324,1760,47187,17721,0.0263994720105597,0.7077908441831163,0.2658096838063238,0.9276381590971136,0.7725401193898324,0.4738777257756672,0.1982739962908302,0.091443770995113,4,19,19,12,18,0.0555555555555555,0.2638888888888889,0.2638888888888889,0.1666666666666666,0.25,2181,8162,19299,12691,8157,0.0431966726084373,0.1616557734204793,0.3822341057635175,0.2513567042978807,0.161556743909685,2,Good,0.9910968181530945,0.5997314188012002,1.6157678857174942,1.5183498327516125,mixture_tumours,do12325,ERX2022587,91577,Male,N1,87717,83857,DEN,0.832484224,0.147893476,0.014045104,0.005577195,0.99518257214855,DN,High,,,4.069,66667,1087,14.6893879517439,18,59,2,153320,1,1,59.6260564998763,Egfr,11:14178863_T/A,Egfr,11:14185624_T/A,CAST,one_tumour,1,Asymmetric
91577_N3,0.027434264378357,0.0919744081864551,0.1341592239877754,0,25,19,0.0,0.5681818181818182,0.4318181818181818,0,71866,49022,0.0,0.5944841506187546,0.4055158493812454,0.9501041100879096,0.7200475957196674,0.4928188751298951,0.2765138472879371,0.0469031225068462,8,21,41,27,10,0.0747663551401869,0.1962616822429906,0.3831775700934579,0.2523364485981308,0.0934579439252336,9337,12986,43006,22075,3212,0.1030391983755628,0.1433080250728348,0.4745960978193696,0.2436103999293723,0.0354462788028604,2,Good,1.493226243582268,0.5847490407010197,1.486951083859193,1.2395086423217294,mixture_tumours,do12326,ERX2035335,91577,Male,N3,87717,83857,DEN,0.8002258274,0.1765167647,0.0228927242,0.0003646837,0.996109375876349,DN,High,,,4.22,120887,965,26.6362074387998,63,29,4,58110499,1,3,50.0958966330741,Braf;Hras,6:37451282_A/T;7:138167948_T/A,Braf;Hras,6:37548568_A/T;7:145859242_T/A,CAST,one_tumour,1,Asymmetric
91588_N1,0.0326122350947535,0.0611507445221768,0.1093098979114466,21,6,1,0.75,0.2142857142857142,0.0357142857142857,53196,10667,206,0.8302923410697841,0.1664923754077635,0.0032152835224523,0.9413335081916452,0.6861361954411664,0.5040163482186758,0.2138959208656514,0.0570674285522957,26,0,31,4,19,0.325,0.0,0.3875,0.05,0.2375,13776,0,20905,38,12495,0.2917778624984115,0.0,0.4427712119286652,0.0008048460202482,0.264646079552675,2,Good,0.09498636779014677,0.9271957671957674,0.4175666780555508,0.014305364511691886,mixture_tumours,do12329,ERX2035301,91588,Male,N1,87188;87189,85742,DEN,0.77213009,0.18389389,0.04013386,0.00384216,0.994579409162308,DN,High,Macro,,2.889,64067,1285,14.1165046860422,44,67,8,184067683,5,3,55.0381494005683,Braf,6:37451282_A/T,Braf,6:37548568_A/T,CAST,one_tumour,1,Asymmetric
91603_N1,0.0435270582938484,0.0887146300487234,0.1484921896001005,0,19,20,0.0,0.4871794871794871,0.5128205128205128,0,64578,45455,0.0,0.5868966582752447,0.4131033417247553,0.8743706112854797,0.6767749693489195,0.4975812042198812,0.2971420500388113,0.1152802657619238,11,25,30,35,20,0.0909090909090909,0.2066115702479339,0.2479338842975206,0.2892561983471074,0.1652892561983471,3388,25599,26876,22002,9163,0.0389299995403778,0.2941467114032265,0.3088201498368341,0.252815185917176,0.1052879533023854,2,Good,1.345599931605582,2.1846240975335616,0.009512600372921738,0.7036517949736919,mixture_tumours,do9414,ERX2048035,91603,Male,N1,87098;87099,87449,DEN,0.8879950836,0.1116432107,0.0001736539,0.0001880518,0.997743782740387,DN,High,Macro,,5.4,110032,698,24.2276565931845,45,29,5,1028444,4,1,45.6312985411102,Braf;Hras,6:37548568_A/T;7:145859242_T/C,Braf;Hras,6:37548568_A/T;7:145859242_T/C,C3H,one_tumour,1,Asymmetric
91615_N3,0.0566875417680262,0.109924282511013,0.1548923776896796,0,3,19,0.0,0.1363636363636363,0.8636363636363636,0,1763,51554,0.0,0.0330663765778269,0.966933623422173,0.9392539585587516,0.750906991340066,0.4949297601848895,0.3856701559396034,0.051147349617215,18,1,22,1,11,0.3396226415094339,0.0188679245283018,0.4150943396226415,0.0188679245283018,0.2075471698113207,10775,33,24815,151,7471,0.2491617528037923,0.0007630939993062,0.5738235634177361,0.0034917331483408,0.1727598566308243,2,Good,2.0662626955372168,1.8575286875995527,0.6622115567833062,0.009284715901028483,mixture_tumours,do9422,ERX2022558,91615,Male,N3,87182;87183,87452,DEN,0.9261037862,0.0732018038,0.0005848972,0.0001095127,0.996901979806527,DN,High,Macro,,3.9,53317,718,11.7397299565474,23,59,1,18496,1,0,40.7919567668596,Hras,7:145859242_T/C,Hras,7:145859242_T/C,C3H,one_tumour,1,Asymmetric
91615_N5,0.0421857264909145,0.0794627684663474,0.1313781193747024,7,23,14,0.1590909090909091,0.5227272727272727,0.3181818181818182,11148,26454,18401,0.1990607646018963,0.4723675517382997,0.3285716836598039,0.9136477119076728,0.6967968804218424,0.502049240537406,0.2207613726375555,0.0924072739931705,26,3,33,6,23,0.2857142857142857,0.0329670329670329,0.3626373626373626,0.0659340659340659,0.2527472527472527,13533,39,23042,865,8911,0.2917223539555938,0.0008406984263849,0.4967018754041819,0.018646259969821,0.1920888122440181,2,Good,1.0109047982465702,0.825224662534758,0.7105377942198027,1.236314004266663,mixture_tumours,do9424,ERX2037976,91615,Male,N5,87182;87183,87452,DEN,0.9482838528,0.0514151352,0.000176639,0.0001243729,0.996325709105042,DN,High,Macro,,5.7,56003,403,12.3311532298614,50,49,1,314872,1,0,48.8378137743753,Egfr;Hras,11:14185624_T/A;7:145859242_T/C,Egfr;Hras,11:14185624_T/A;7:145859242_T/C,C3H,one_tumour,1,Asymmetric
91615_N6,0.0307802751201846,0.1143956388781532,0.2314756079803173,2,20,23,0.0444444444444444,0.4444444444444444,0.5111111111111111,1854,22493,38905,0.0293113261240751,0.3556093087965598,0.6150793650793651,0.9383267117169134,0.7548956328346617,0.5107947679428274,0.3792073346668165,0.0655959746159738,15,5,25,2,18,0.2307692307692307,0.0769230769230769,0.3846153846153846,0.0307692307692307,0.2769230769230769,19476,48,18334,18,13139,0.3817700676271685,0.0009408997353719,0.3593844947564442,0.0003528374007644,0.2575517004802509,2,Good,1.1397495085276346,2.0281334304233742,0.5317043900778724,0.14629565114742393,mixture_tumours,do9425,ERX2035305,91615,Male,N6,87182;87183,87452,DEN,0.9291512245,0.0702698287,0.0002153191,0.0003636278,0.998461845977437,DN,High,Mixed,,11.5,63252,577,13.9272914682284,24,59,1,307505,1,0,62.0844446723885,Egfr;Egfr,11:14185624_T/A;11:14208729_A/G,Egfr;Egfr,11:14185624_T/A;11:14208729_A/G,C3H,one_tumour,1,Asymmetric
91619_N2,0.033351945095551,0.067682822401456,0.1139433436844775,13,19,0,0.40625,0.59375,0.0,26372,60023,0,0.3052491463626367,0.6947508536373632,0.0,0.9696449001081924,0.830533991034951,0.5707058678122633,0.3724969152932912,0.0958963477442398,11,15,18,15,9,0.1617647058823529,0.2205882352941176,0.2647058823529412,0.2205882352941176,0.1323529411764706,11981,17857,22566,8631,7503,0.1748081356327876,0.2605415973620473,0.329248008404097,0.12593014094371,0.1094721176573579,2,Good,1.0611544188460218,2.0942637258211243,0.6654374001352943,0.0581853182889534,mixture_tumours,do9713,ERX2048041,91619,Male,N2,87100;87181,87450,DEN,0.9052017839,0.0931454441,0.0001857357,0.0014670363,0.997573543172107,DN,High,Mixed,,8.6,86392,1002,19.0224271884397,34,63,2,785740,2,0,56.5994993680352,Braf;Hras,6:37548568_A/T;7:145859242_T/A,Braf;Hras,6:37548568_A/T;7:145859242_T/A,C3H,mixture_tumours,1,Asymmetric
91833_N1,0.0331597283730096,0.0615798835339104,0.0870614521211516,22,18,0,0.55,0.45,0.0,60901,33916,0,0.642300431357246,0.3576995686427539,0.0,0.9256186872295556,0.7427629339645265,0.5052440615391952,0.2576543422782748,0.0707008323407299,21,1,29,1,17,0.3043478260869565,0.0144927536231884,0.4202898550724637,0.0144927536231884,0.2463768115942029,14273,239,38521,25,19700,0.1961708678083509,0.0032848621457434,0.529440061573985,0.0003436048269606,0.27076060364496,2,Good,0.7163488937024715,3.4603155290703227,0.0,0.045232778070246726,mixture_tumours,do12335,ERX2037486,91833,Male,N1,84395,79969,DEN,0.850775236,0.134944634,0.011649577,0.002630553,0.997589655490646,DN,High,,2.0,4.711,94816,1417,20.8917306618349,36,69,2,210455,1,1,46.4067632695155,Braf,6:37451282_A/T,Braf,6:37548568_A/T,CAST,one_tumour,1,Asymmetric
91834_N2,0.0270089670874391,0.0915881582544081,0.1490621085034586,25,20,6,0.4901960784313725,0.392156862745098,0.1176470588235294,46108,31890,11416,0.5156686872301877,0.3566555572952781,0.1276757554745342,0.9387507855329494,0.7284469221378781,0.5058360136606547,0.3868547181318004,0.0953765067395937,7,9,23,4,16,0.1186440677966101,0.1525423728813559,0.3898305084745763,0.0677966101694915,0.2711864406779661,6171,228,36275,1141,22959,0.0924162099020576,0.0034145026507323,0.5432503669092761,0.0170874891424806,0.3438314313954533,2,Good,2.5541096780325128,0.5747007541626553,1.4915177396401662,1.2093729766356358,mixture_tumours,do12336,ERX2037926,91834,Male,N2,84395,79969,DEN,0.8228763967,0.1655280776,0.0003185644,0.0112769613,0.996247493845022,DN,High,Mixed,1.0,4.305,89414,1287,19.7014555074809,23,79,1,114264,1,0,42.9820196215319,Egfr,11:14178863_T/A,Egfr,11:14185624_T/A,CAST,one_tumour,1,Asymmetric
91837_N4,0.034078523623478,0.0648442838710978,0.1054509086176008,14,25,8,0.2978723404255319,0.5319148936170213,0.1702127659574468,42086,51479,11652,0.399992396665938,0.4892650427212333,0.1107425606128287,0.9710391516054944,0.7596816493078823,0.5058248039799663,0.2418557718280659,0.0303426175830899,12,24,38,26,4,0.1153846153846153,0.2307692307692307,0.3653846153846153,0.25,0.0384615384615384,11787,24089,22178,13505,8460,0.1473025156525325,0.301041002761844,0.2771591746960097,0.1687724165510691,0.1057248903385446,2,Good,1.2894250273289276,1.8250722617889024,0.6597703088626836,0.5239534106879485,mixture_tumours,do9441,ERX2037601,91837,Male,N4,87866;87867,84995,DEN,0.8226123799,0.176955284,0.0002121506,0.0002201855,0.998882441414822,DN,High,,,8.0,105217,669,23.1674544111267,45,49,4,1230623,3,1,68.2525198518313,,,,,C3H,one_tumour,1,Asymmetric
91838_N1,0.034133212065042,0.0855981398046926,0.1353745160086826,2,21,1,0.0833333333333333,0.875,0.0416666666666666,1502,47144,976,0.0302688323727379,0.9500624722905164,0.0196686953367457,0.9510469840617192,0.6138671267134642,0.5009089614062239,0.3561080238450549,0.0546879346733926,13,6,16,1,11,0.2765957446808511,0.1276595744680851,0.3404255319148936,0.0212765957446808,0.2340425531914893,8174,306,16671,93,14175,0.2073619320632182,0.0077627540018772,0.4229178822395291,0.0023592683731195,0.3595981633222557,2,Good,1.6209760836306002,2.0592888796565574,0.0,0.9048195715067636,mixture_tumours,do9444,ERX2037178,91838,Male,N1,87866;87867,84995,DEN,0.9012939652,0.0978307079,0.0006247205,0.0002506064,0.999152430786781,DN,High,Macro,,8.5,49622,797,10.9261376278446,14,79,4,670876,4,0,55.3052685634826,Braf;Hras,6:37548568_A/T;7:145859297_G/A,Braf;Hras,6:37548568_A/T;7:145859297_G/A,C3H,one_tumour,1,Asymmetric
91841_N2,0.0436043587459516,0.0692764782074289,0.0996842825899426,12,22,1,0.3428571428571428,0.6285714285714286,0.0285714285714285,30969,43360,3368,0.3985868180238619,0.5580653049667297,0.0433478770094083,0.9213674622829288,0.6586257876609064,0.4653996590701328,0.2062914613802137,0.0687826298779544,13,24,29,15,6,0.1494252873563218,0.2758620689655172,0.3333333333333333,0.1724137931034483,0.0689655172413793,10027,17998,20396,8979,6724,0.1563689102364169,0.2806749422992951,0.3180712369783544,0.1400255754475703,0.1048593350383631,2,Good,2.1554407716722768,3.4575315419435615,0.010391368144100384,0.0008487532274206313,one_tumour,do9720,ERX2035326,91841,Male,N2,87866;87867,84995,DEN,0.9394593,0.06026974,0.0001974927,7.345156e-05,0.995850857835024,DN,High,Macro,1.0,5.9,77695,454,17.1074576396637,45,27,8,44440951,5,3,51.1445625893348,Hras,7:145859242_T/A,Hras,7:145859242_T/A,C3H,mixture_tumours,1,Asymmetric
91842_N2,0.0009711319775503,0.1307995665136213,0.2296207563383451,0,0,20,0.0,0.0,1.0,0,0,20326,0.0,0.0,1.0,0.9105796196128844,0.665150871046757,0.5070332614688253,0.3856766335680089,0.086583956115967,24,7,31,13,23,0.2448979591836734,0.0714285714285714,0.3163265306122449,0.1326530612244898,0.2346938775510204,2647,332,7753,655,2171,0.1952352854403304,0.0244873875202832,0.5718395043516743,0.048310960318631,0.160126862369081,2,Good,1.591281756794155,2.364047413815088,0.9080891884884628,0.10805582807322806,mixture_tumours,do9453,ERX2022535,91842,Male,N2,87866;87867,84995,DEN,0.55623251,0.38897733,0.04293986,0.0118503,0.996442891053684,DN,High,Macro,,6.9,20325,534,4.47530827628758,32,79,7,1022279,3,4,38.2335863270936,Hras,7:145859242_T/A,Hras,7:145859242_T/A,C3H,one_tumour,1,Asymmetric
91864_N3,0.0427932154226449,0.1131966582175054,0.1810168023632448,10,21,15,0.217391304347826,0.4565217391304347,0.3260869565217391,15922,39958,23086,0.201631081731378,0.5060152470683585,0.2923536712002634,0.9208066752849438,0.76487265193586,0.4969181859181139,0.3056971821806666,0.0715822709374601,11,2,21,11,12,0.1929824561403508,0.0350877192982456,0.3684210526315789,0.1929824561403508,0.2105263157894736,15677,69,28355,267,16185,0.2588971644674913,0.0011394976301752,0.4682674681683814,0.0044093603950258,0.2672865093389262,2,Good,2.7013539918263483,1.492225927659047,0.0007396751703169921,0.031229662535190668,mixture_tumours,do12340,ERX2022534,91864,Male,N3,87390,83858,DEN,0.866418853,0.119536657,0.001852837,0.012191653,0.993970214616485,DN,High,Macro,1.0,4.097,78966,995,17.3993461382305,20,79,2,152737,1,1,50.5138036890366,Egfr;Egfr,11:14178863_T/A;11:14198580_T/A,Egfr;Egfr,11:14185624_T/A;11:14207408_T/A,CAST,one_tumour,1,Asymmetric
91865_N2,0.0288933557795932,0.0856488027334534,0.1294243883657138,1,19,10,0.0333333333333333,0.6333333333333333,0.3333333333333333,2163,67376,9136,0.027492850333651,0.8563838576421989,0.1161232920241499,0.9241310218807472,0.6917066541579686,0.4983448741752913,0.3060817073984161,0.0838717085459273,17,12,21,3,16,0.2463768115942029,0.1739130434782608,0.3043478260869565,0.0434782608695652,0.2318840579710145,23396,311,31118,79,5935,0.3845559591709265,0.0051118525945528,0.5114811223064153,0.0012985091799667,0.0975525567481385,2,Good,1.593166512102064,0.08005832908059621,0.8743875739178966,0.9792724637579687,mixture_tumours,do12343,ERX2048022,91865,Male,N2,87390,83858,DEN,0.8637515231,0.1152932108,0.0206448571,0.0003104089,0.994361914933267,DN,High,Macro,,3.509,78675,831,17.3352272804154,24,69,3,45617295,0,3,47.7453487514562,Hras,7:138167948_T/C,Hras,7:145859242_T/C,CAST,one_tumour,1,Asymmetric
91868_N3,0.0275322194914246,0.0802770621383713,0.1284549195382402,1,20,0,0.0476190476190476,0.9523809523809524,0.0,1535,70362,0,0.0213499867866531,0.9786500132133468,0.0,0.9186670570244504,0.7196038123775055,0.5009264928245531,0.2592367584575516,0.0781591634739188,15,8,22,7,17,0.217391304347826,0.1159420289855072,0.3188405797101449,0.1014492753623188,0.2463768115942029,16879,171,24014,428,13238,0.3084048967659419,0.0031244290151653,0.4387721542115841,0.0078202082952676,0.2418783117120409,2,Good,0.9711214792124823,1.6077217605750342,0.48406717567546054,0.2758333090575457,mixture_tumours,do12350,ERX2035363,91868,Male,N3,87392,82063,DEN,0.841588907,0.131743211,0.020304805,0.006363077,0.994503061496036,DN,High,,1.0,4.792,71897,805,15.8417646746746,27,71,1,63535,1,0,55.9817053082006,Egfr,11:14178863_T/A,Egfr,11:14185624_T/A,CAST,one_tumour,1,Asymmetric
91868_N7,0.0307743954468155,0.0903973461531639,0.1298258933330916,2,23,8,0.0606060606060606,0.696969696969697,0.2424242424242424,1204,83503,14954,0.0120809544355364,0.8378703805902008,0.1500486649742627,0.9319319840486728,0.7214194366969036,0.5063576740502083,0.282347101255318,0.0647307232504866,2,15,36,20,9,0.024390243902439,0.1829268292682926,0.4390243902439024,0.2439024390243902,0.1097560975609756,1015,18273,30042,17184,7498,0.0137139923255688,0.2468923958277036,0.4059071501918608,0.2321785656380046,0.1013078960168621,2,Good,0.3154974728943171,1.2138635055736215,1.4474049274319556,0.7678971372833516,mixture_tumours,do12351,ERX2037966,91868,Male,N7,87392,82063,DEN,0.8138942881,0.1675495786,0.0004779278,0.0180782056,0.997383394123695,DN,High,Mixed,1.0,8.393,99661,888,21.9592765934983,49,23,2,125972,1,1,59.9638099641644,Braf;Hras,6:37451282_A/T;7:138167949_G/T,Braf;Hras,6:37548568_A/T;7:145859243_G/T,CAST,one_tumour,1,Asymmetric
91928_N2,0.0392816431042848,0.0641374561565576,0.1253224891150179,12,19,20,0.2352941176470588,0.3725490196078431,0.392156862745098,27179,46154,42646,0.234344148509644,0.3979513532622285,0.3677044982281275,0.9362838241019144,0.8297758450222085,0.4899043970507823,0.2926093922492206,0.116911712985739,9,18,32,11,12,0.1097560975609756,0.2195121951219512,0.3902439024390244,0.1341463414634146,0.1463414634146341,9801,11043,41159,1563,23693,0.1123207921245946,0.1265542809337718,0.4716877342165278,0.0179121924386023,0.2715250002865034,2,Good,1.692521727473239,0.6029734963482263,1.2736458386695664,1.0669625677311707,mixture_tumours,do12353,ERX2037174,91928,Male,N2,83993,79156,DEN,0.8242155,0.166473729,0.00496082,0.004349951,0.996644593065348,DN,High,Macro,1.0,5.105,115978,724,25.5545597652115,35,49,0,0,0,0,50.2130925947044,Egfr;Braf,11:14178863_T/A;6:37451282_A/T,Egfr;Braf,11:14185624_T/A;6:37548568_A/T,CAST,one_tumour,1,Asymmetric
91929_N3,0.027272100999109,0.0507719975109546,0.1615676405150105,18,6,1,0.72,0.24,0.04,40317,6345,270,0.8590513935054973,0.1351956021477882,0.0057530043467143,0.936155999180286,0.834134343242706,0.5056671346314577,0.1882784859676818,0.0760040804373544,11,3,18,11,14,0.1929824561403508,0.0526315789473684,0.3157894736842105,0.1929824561403508,0.2456140350877192,6419,2262,14294,2100,7871,0.1948339707399987,0.068657803678747,0.4338614702847083,0.0637406665452558,0.23890608875129,2,Good,1.4468337662242123,1.2983964266099914,1.0639823820800058,1.1978626830603278,mixture_tumours,do12358,ERX2037485,91929,Male,N3,83993,79156,DEN,0.69843226,0.24035011,0.03004808,0.03116955,0.995921396607212,DN,High,Mixed,,3.682,46931,1612,10.340763285633,20,79,59,306558424,46,13,57.9995232284907,,,,,CAST,mixture_tumours,1,Asymmetric
91944_N3,0.049342711996864,0.0835832866516994,0.1234190195324365,2,21,11,0.0588235294117647,0.6176470588235294,0.3235294117647059,1860,63823,22400,0.0211164469875004,0.7245779548834622,0.2543055981290373,0.8722068991226701,0.6948658214152131,0.5142998334782759,0.309926804759123,0.0985273316289359,12,35,28,34,17,0.0952380952380952,0.2777777777777778,0.2222222222222222,0.2698412698412698,0.1349206349206349,11937,17105,13905,15317,10550,0.1734676083355131,0.2485686052256808,0.202066439968611,0.222585520388293,0.1533118260819019,2,Good,2.219112620401497,3.3478811565838296,0.0006976023156613585,0.007913763410183553,one_tumour,do9773,ERX2023370,91944,Male,N3,87910;87911,86569,DEN,0.8618836961,0.1376412519,0.000329149,0.0001459031,0.997449723231864,DN,High,Macro,,2.8,88083,408,19.3947640295321,59,27,4,720091,3,1,64.3827358706959,Braf,6:37548568_A/T,Braf,6:37548568_A/T,C3H,mixture_tumours,1,Asymmetric
92058_N3,0.0400097596688304,0.0774955643294409,0.11337998490913,4,19,3,0.1538461538461538,0.7307692307692307,0.1153846153846153,4821,83977,3442,0.0522658282740676,0.910418473547268,0.0373156981786643,0.8848205498289393,0.7098493631592894,0.516176557320381,0.3060523919914575,0.1529883967761771,11,24,31,33,16,0.0956521739130434,0.208695652173913,0.2695652173913043,0.2869565217391304,0.1391304347826087,3195,12891,17302,15764,5885,0.0580518560241292,0.2342242491414866,0.3143703326852844,0.2864254955757036,0.106928066573396,2,Good,1.474071330793055,1.6333523579335603,0.1727877198263397,0.498197884123478,mixture_tumours,do12465,ERX2037944,92058,Male,N3,87917,87924,DEN,0.3575995,0.6346881,0.007650938,6.153986e-05,0.997035031470911,DN,High,Mixed,,6.0,92239,467,20.3098627353747,51,27,4,463204,1,3,61.4773370027652,Braf;Hras;Hras,6:37548568_A/T;7:145859242_T/A;7:145859596_C/G,Braf;Hras;Hras,6:37548568_A/T;7:145859242_T/A;7:145859596_C/G,C3H,mixture_tumours,1,Asymmetric
92186_N1,0.0348274402748053,0.1120425843142883,0.1482648769489746,0,0,20,0.0,0.0,1.0,0,0,47738,0.0,0.0,1.0,0.9412833427650916,0.6341329161336148,0.4518410401373657,0.1642911857802514,0.0199364366077955,11,20,13,15,7,0.1666666666666666,0.303030303030303,0.1969696969696969,0.2272727272727272,0.106060606060606,6339,8282,3917,6211,3285,0.226118284939716,0.295426981522437,0.1397231932653206,0.2215524006563458,0.1171791396161803,2,Good,1.1683511345847089,1.5106114030570719,0.45173255272816765,0.4023902926550142,mixture_tumours,do9728,ERX2037900,92186,Male,N1,84408,87439,DEN,0.3461547151,0.6513877051,0.0020977907,0.0003597891,0.997874275186821,DN,High,Mixed,,5.6,47738,563,10.5113046245223,22,19,1,719819,1,0,58.0336867560688,Braf,6:37548568_A/T,Braf,6:37548568_A/T,C3H,mixture_tumours,1,Asymmetric
92186_N4,0.0321648878446027,0.0675123991319064,0.1115614812418067,17,23,7,0.3617021276595745,0.4893617021276595,0.1489361702127659,30183,38288,14296,0.3646743267244191,0.4625998284340377,0.1727258448415431,0.955474413413387,0.6986359446211102,0.5002352683214991,0.2782804080416406,0.0518408509918546,7,23,22,20,7,0.0886075949367088,0.2911392405063291,0.2784810126582278,0.2531645569620253,0.0886075949367088,6638,14715,17271,23011,7476,0.0960483859298809,0.2129183487433259,0.2499023310326865,0.3329571269407185,0.108173807353388,2,Good,1.913621831911822,1.2668093669297633,0.06511992678576806,0.37895293000971414,mixture_tumours,do9730,ERX2035304,92186,Male,N4,84408,87439,DEN,0.9514121,0.04648334,0.002028238,7.635817e-05,0.996162455653928,DN,Low,Macro,,3.6,82767,479,18.2242479755717,40,29,3,1075141,1,2,71.3017809663673,Egfr,11:14185624_T/A,Egfr,11:14185624_T/A,C3H,mixture_tumours,1,Asymmetric
92186_N6,0.0351191637083916,0.0607068678722924,0.1038895574646528,17,19,7,0.3953488372093023,0.4418604651162791,0.1627906976744186,59205,50621,11512,0.4879345299906047,0.4171899981868829,0.0948754718225123,0.9651951757994964,0.7254893340882642,0.5314758392999417,0.2863068998837683,0.0414973749746183,18,29,24,15,2,0.2045454545454545,0.3295454545454545,0.2727272727272727,0.1704545454545454,0.0227272727272727,12806,33977,19417,10445,1528,0.1638161513566065,0.4346385580699218,0.248384992260755,0.1336139076151612,0.0195463906975554,2,Good,0.8944376874769715,2.6376102250815094,0.9369241022074072,0.0,mixture_tumours,do9732,ERX2037583,92186,Male,N6,84408,87439,DEN,0.4902335,0.5093085,0.0003665768,9.139877e-05,0.997949343855327,DN,High,Mixed,,6.0,121338,858,26.7170949878565,42,39,2,878796,0,2,74.4688791156936,Kras;Hras,7:145859242_T/C,Hras,7:145859242_T/C,C3H,one_tumour,1,Asymmetric
93092_N2,0.053125406542451,0.1118349486748388,0.1514074225390561,0,18,9,0.0,0.6666666666666666,0.3333333333333333,0,62443,22275,0.0,0.7370688637597677,0.2629311362402323,0.9269831717507262,0.6492569413710455,0.4953080721253653,0.3231966983127859,0.0690452789138788,9,4,24,2,11,0.18,0.08,0.48,0.04,0.22,13430,201,35244,134,15920,0.2068413189791926,0.0030956891373654,0.5428082982950607,0.0020637927582436,0.2451909008301375,2,Good,1.4277849331521222,1.356781514727348,0.3990845688280841,0.663074845415576,mixture_tumours,do9761,ERX2022518,93092,Male,N2,88884,87925,DEN,0.8404569141,0.1584185515,0.0006582153,0.0004663191,0.998532157890069,DN,High,Macro,,4.6,84717,862,18.6536133452524,16,59,7,14546598,6,1,44.5251505066851,Hras,7:145859242_T/C,Hras,7:145859242_T/C,C3H,one_tumour,1,Asymmetric
93092_N4,0.040077318760942,0.1028636325430729,0.16817169124914,0,9,21,0.0,0.3,0.7,0,12567,52263,0.0,0.1938454419250347,0.8061545580749653,0.9304264974282208,0.6330369454797132,0.5147309802654713,0.3686514088290452,0.0806336680417089,10,1,25,1,13,0.2,0.02,0.5,0.02,0.26,8373,70,30307,13,8621,0.1767052169508695,0.0014772919128819,0.6396040857673476,0.0002743542123923,0.1819390511565085,2,Good,1.283173450152452,0.8404464795910487,0.9264083877500164,0.0,mixture_tumours,do9763,ERX2037491,93092,Male,N4,88884,87925,DEN,0.7563599411,0.2424843186,0.0005963484,0.000559392,0.997273437561435,DN,High,,1.0,5.4,64829,560,14.2745269492471,17,63,1,217000,1,0,33.7436454819225,Braf,6:37548568_A/T,Braf,6:37548568_A/T,C3H,one_tumour,1,Asymmetric
93260_N1,0.0113124233481595,0.0601871487011745,0.1196390885290839,13,24,22,0.2203389830508474,0.4067796610169492,0.3728813559322034,10385,47308,27754,0.1215373272320854,0.5536531417135768,0.3248095310543378,0.8775311702639084,0.6402985224204619,0.5007855918889436,0.3384558509229328,0.1205768469456967,15,6,31,4,12,0.2205882352941176,0.088235294117647,0.4558823529411764,0.0588235294117647,0.1764705882352941,15428,2257,37832,973,9052,0.2353910469622532,0.0344359342101248,0.5772176619572182,0.0148454426169479,0.1381099142534558,2,Good,0.001183031791533279,0.2670166874454922,1.2056620836186762,1.7133060748915463,mixture_tumours,do9842,ERX2022575,93260,Male,N1,89276;89277,87448,DEN,0.8410491436,0.1584632226,0.0001695578,0.000318076,0.997195869946044,DN,High,Mixed,,5.5,85447,585,18.8143501246713,31,49,1,18495,1,0,36.5517844345861,Braf,6:37548568_A/T,Braf,6:37548568_A/T,C3H,one_tumour,1,Asymmetric
94315_N6,0.0034333197068867,0.0956423704112807,0.2424424547579676,1,0,21,0.0454545454545454,0.0,0.9545454545454546,56,0,29710,0.0018813411274608,0.0,0.9981186588725393,0.9484568643282424,0.6601813671504299,0.508532752393536,0.3319482797107115,0.0375981077992865,43,32,34,39,55,0.2118226600985221,0.1576354679802955,0.167487684729064,0.1921182266009852,0.270935960591133,3353,1004,10424,1835,2792,0.1727638087386644,0.0517312448474855,0.5370981038746908,0.0945486397361912,0.1438582028029678,2,Good,5.185528069083449,4.421663417286702,0.0,0.0052765401371685505,one_tumour,do9860,ERX2022569,94315,Male,N6,90256;90257,86571,DEN,0.521223998,0.445574079,0.023368048,0.009833875,0.997111877767622,DN,High,Mixed,,4.4,29766,545,6.55409722764951,45,75,1,32338,1,0,47.4827441151325,Hras,7:145859242_T/A,Hras,7:145859242_T/A,C3H,mixture_tumours,1,Asymmetric
94315_N9,0.044446896561987,0.1058949821742555,0.1898273131258722,15,26,16,0.2631578947368421,0.4561403508771929,0.2807017543859649,13400,23364,15518,0.2563023602769596,0.4468842048888718,0.2968134348341685,0.9392199325528446,0.6281502343988408,0.5030596914027191,0.4081431608236469,0.0791281789834575,15,2,28,1,18,0.234375,0.03125,0.4375,0.015625,0.28125,6551,47,17298,239,8109,0.2031695819377248,0.0014576355290906,0.5364719017491626,0.0074122317330356,0.2514886490509862,2,Good,1.0854656208268993,0.7061162425435176,1.5572737565487322,0.9258625810349949,mixture_tumours,do9863,ERX2035356,94315,Male,N9,90256;90257,86571,DEN,0.4316883266,0.5666977195,0.0007373089,0.0008766451,0.997990822801993,DN,Low,Mixed,,4.3,52280,568,11.5113956548248,32,59,0,0,0,0,44.607363838688,Braf,6:37548568_A/T,Braf,6:37548568_A/T,C3H,one_tumour,1,Asymmetric
94316_N1,0.0213233143510987,0.1231135720062698,0.1701825903637814,0,1,20,0.0,0.0476190476190476,0.9523809523809524,0,2185,73514,0.0,0.028864317890593,0.971135682109407,0.9376301706537804,0.7039833791032684,0.5042364490549618,0.2964199246656417,0.0577682491096049,18,0,34,2,23,0.2337662337662337,0.0,0.4415584415584415,0.0259740259740259,0.2987012987012987,17589,0,25813,24,15856,0.2967005161769171,0.0,0.4354272797813839,0.000404844640869,0.2674673594008299,2,Good,1.4638401629351272,1.2312495009035493,1.0914895339602302,0.4427350310128817,mixture_tumours,do9865,ERX2022596,94316,Male,N1,90256;90257,86571,DEN,0.8625112259,0.1315529023,0.0057472904,0.0001885814,0.997580529648064,DN,High,Mixed,,3.4,75698,794,16.6677434636368,48,63,3,90400,1,2,54.3968496428093,Hras,7:145859242_T/C,Hras,7:145859242_T/C,C3H,one_tumour,1,Asymmetric
94316_N2,0.0310027075999865,0.0679395215023686,0.1164939484427382,15,21,12,0.3125,0.4375,0.25,21893,36732,22246,0.2707150894634665,0.4542048447527544,0.2750800657837791,0.9669942582815052,0.7165795487580865,0.4897642439629005,0.2577322807450223,0.0374259547416747,5,18,28,19,5,0.0666666666666666,0.24,0.3733333333333333,0.2533333333333333,0.0666666666666666,6925,15088,23227,14233,2570,0.111616137195171,0.2431861773286269,0.3743693889721645,0.2294054123752881,0.0414228841287494,2,Good,1.4090961933274175,1.092256805884984,0.8890776582839476,0.7638672975383656,mixture_tumours,do9780,ERX2035263,94316,Male,N2,90256;90257,86571,DEN,0.835176921,0.1636114712,0.0010629876,0.0001486202,0.998063616414047,DN,High,Macro,,3.8,80870,624,17.8065525364515,38,19,0,0,0,0,61.730669939052,Egfr;Braf,11:14207453_T/A;6:37548568_A/T,Egfr;Braf,11:14207453_T/A;6:37548568_A/T,C3H,one_tumour,1,Asymmetric
